Temperature (K)	Pressure (MPa)	Density (kg/m3)	Volume (m3/kg)	Internal Energy (kJ/kg)	Enthalpy (kJ/kg)	Entropy (J/g*K)	Cv (J/g*K)	Cp (J/g*K)	Sound Spd. (m/s)	Joule-Thomson (K/MPa)	Viscosity (uPa*s)	Therm. Cond. (W/m*K)	Phase
200.00	2.5000	1188.2	0.00084160	25.318	27.422	0.13233	0.94093	1.7282	1048.5	-0.23721	undefined	undefined	liquid
201.00	2.5000	1185.2	0.00084376	27.042	29.151	0.14095	0.93992	1.7298	1042.2	-0.23479	undefined	undefined	liquid
202.00	2.5000	1182.1	0.00084595	28.767	30.882	0.14954	0.93894	1.7315	1035.9	-0.23231	undefined	undefined	liquid
203.00	2.5000	1179.0	0.00084816	30.493	32.614	0.15809	0.93797	1.7332	1029.6	-0.22977	undefined	undefined	liquid
204.00	2.5000	1175.9	0.00085038	32.222	34.348	0.16662	0.93703	1.7350	1023.2	-0.22716	undefined	undefined	liquid
205.00	2.5000	1172.8	0.00085263	33.952	36.084	0.17510	0.93610	1.7369	1016.9	-0.22448	undefined	undefined	liquid
206.00	2.5000	1169.7	0.00085490	35.684	37.822	0.18356	0.93519	1.7389	1010.6	-0.22173	undefined	undefined	liquid
207.00	2.5000	1166.6	0.00085719	37.419	39.562	0.19199	0.93430	1.7409	1004.3	-0.21892	undefined	undefined	liquid
208.00	2.5000	1163.5	0.00085950	39.155	41.304	0.20038	0.93343	1.7430	997.97	-0.21603	undefined	undefined	liquid
209.00	2.5000	1160.3	0.00086183	40.893	43.048	0.20875	0.93258	1.7452	991.65	-0.21307	undefined	undefined	liquid
210.00	2.5000	1157.2	0.00086419	42.634	44.794	0.21708	0.93174	1.7475	985.32	-0.21004	undefined	undefined	liquid
211.00	2.5000	1154.0	0.00086657	44.376	46.543	0.22539	0.93092	1.7499	979.00	-0.20692	undefined	undefined	liquid
212.00	2.5000	1150.8	0.00086897	46.121	48.294	0.23367	0.93011	1.7523	972.67	-0.20373	undefined	undefined	liquid
213.00	2.5000	1147.6	0.00087140	47.869	50.047	0.24192	0.92932	1.7549	966.34	-0.20046	undefined	undefined	liquid
214.00	2.5000	1144.4	0.00087385	49.619	51.804	0.25015	0.92855	1.7575	960.01	-0.19710	undefined	undefined	liquid
215.00	2.5000	1141.1	0.00087633	51.372	53.562	0.25835	0.92780	1.7602	953.67	-0.19365	undefined	undefined	liquid
216.00	2.5000	1137.9	0.00087883	53.127	55.324	0.26652	0.92706	1.7630	947.33	-0.19012	undefined	undefined	liquid
217.00	2.5000	1134.6	0.00088136	54.885	57.089	0.27467	0.92633	1.7660	940.98	-0.18650	undefined	undefined	liquid
218.00	2.5000	1131.3	0.00088392	56.646	58.856	0.28280	0.92563	1.7690	934.63	-0.18278	undefined	undefined	liquid
219.00	2.5000	1128.0	0.00088650	58.410	60.627	0.29090	0.92493	1.7721	928.27	-0.17897	undefined	undefined	liquid
220.00	2.5000	1124.7	0.00088912	60.177	62.400	0.29898	0.92426	1.7753	921.91	-0.17506	undefined	undefined	liquid
221.00	2.5000	1121.4	0.00089176	61.948	64.177	0.30704	0.92359	1.7786	915.54	-0.17105	undefined	undefined	liquid
222.00	2.5000	1118.0	0.00089444	63.721	65.957	0.31508	0.92295	1.7820	909.17	-0.16693	undefined	undefined	liquid
223.00	2.5000	1114.7	0.00089714	65.498	67.741	0.32309	0.92231	1.7855	902.78	-0.16270	undefined	undefined	liquid
224.00	2.5000	1111.3	0.00089988	67.279	69.528	0.33109	0.92169	1.7892	896.39	-0.15836	undefined	undefined	liquid
225.00	2.5000	1107.9	0.00090265	69.063	71.319	0.33907	0.92109	1.7929	889.99	-0.15391	undefined	undefined	liquid
226.00	2.5000	1104.4	0.00090545	70.851	73.114	0.34703	0.92050	1.7968	883.58	-0.14933	undefined	undefined	liquid
227.00	2.5000	1101.0	0.00090828	72.642	74.913	0.35497	0.91993	1.8008	877.16	-0.14464	undefined	undefined	liquid
228.00	2.5000	1097.5	0.00091116	74.438	76.716	0.36289	0.91937	1.8049	870.73	-0.13981	undefined	undefined	liquid
229.00	2.5000	1094.0	0.00091406	76.238	78.523	0.37080	0.91882	1.8091	864.29	-0.13486	undefined	undefined	liquid
230.00	2.5000	1090.5	0.00091701	78.042	80.334	0.37869	0.91829	1.8135	857.83	-0.12977	undefined	undefined	liquid
231.00	2.5000	1087.0	0.00091999	79.850	82.150	0.38657	0.91777	1.8181	851.37	-0.12453	undefined	undefined	liquid
232.00	2.5000	1083.4	0.00092301	81.663	83.970	0.39444	0.91726	1.8227	844.89	-0.11915	undefined	undefined	liquid
233.00	2.5000	1079.8	0.00092608	83.480	85.795	0.40229	0.91677	1.8275	838.39	-0.11362	undefined	undefined	liquid
234.00	2.5000	1076.2	0.00092918	85.303	87.625	0.41012	0.91630	1.8325	831.88	-0.10793	undefined	undefined	liquid
235.00	2.5000	1072.6	0.00093233	87.130	89.461	0.41795	0.91584	1.8377	825.36	-0.10208	undefined	undefined	liquid
236.00	2.5000	1068.9	0.00093552	88.962	91.301	0.42576	0.91539	1.8430	818.82	-0.096058	undefined	undefined	liquid
237.00	2.5000	1065.2	0.00093876	90.800	93.147	0.43357	0.91495	1.8484	812.26	-0.089860	undefined	undefined	liquid
238.00	2.5000	1061.5	0.00094204	92.643	94.998	0.44136	0.91453	1.8541	805.69	-0.083477	undefined	undefined	liquid
239.00	2.5000	1057.8	0.00094537	94.491	96.855	0.44915	0.91413	1.8599	799.09	-0.076904	undefined	undefined	liquid
240.00	2.5000	1054.0	0.00094875	96.346	98.718	0.45693	0.91373	1.8660	792.47	-0.070131	undefined	undefined	liquid
241.00	2.5000	1050.2	0.00095219	98.206	100.59	0.46470	0.91336	1.8722	785.84	-0.063151	undefined	undefined	liquid
242.00	2.5000	1046.4	0.00095568	100.07	102.46	0.47246	0.91299	1.8787	779.17	-0.055954	undefined	undefined	liquid
243.00	2.5000	1042.5	0.00095922	101.95	104.34	0.48022	0.91265	1.8854	772.49	-0.048530	undefined	undefined	liquid
244.00	2.5000	1038.6	0.00096282	103.83	106.23	0.48798	0.91231	1.8923	765.78	-0.040870	undefined	undefined	liquid
245.00	2.5000	1034.7	0.00096648	105.71	108.13	0.49574	0.91199	1.8995	759.04	-0.032962	undefined	undefined	liquid
246.00	2.5000	1030.7	0.00097020	107.61	110.03	0.50349	0.91169	1.9069	752.28	-0.024795	undefined	undefined	liquid
247.00	2.5000	1026.7	0.00097398	109.51	111.94	0.51124	0.91140	1.9147	745.48	-0.016356	undefined	undefined	liquid
248.00	2.5000	1022.7	0.00097783	111.42	113.86	0.51899	0.91113	1.9227	738.66	-0.0076321	undefined	undefined	liquid
249.00	2.5000	1018.6	0.00098175	113.33	115.79	0.52675	0.91088	1.9310	731.80	0.0013915	undefined	undefined	liquid
250.00	2.5000	1014.5	0.00098574	115.26	117.72	0.53450	0.91064	1.9396	724.91	0.010730	undefined	undefined	liquid
251.00	2.5000	1010.3	0.00098980	117.19	119.67	0.54226	0.91042	1.9486	717.98	0.020400	undefined	undefined	liquid
252.00	2.5000	1006.1	0.00099394	119.14	121.62	0.55003	0.91021	1.9579	711.01	0.030419	undefined	undefined	liquid
253.00	2.5000	1001.8	0.00099817	121.09	123.58	0.55780	0.91003	1.9676	704.00	0.040807	undefined	undefined	liquid
254.00	2.5000	997.54	0.0010025	123.05	125.56	0.56558	0.90986	1.9778	696.94	0.051585	undefined	undefined	liquid
255.00	2.5000	993.18	0.0010069	125.02	127.54	0.57338	0.90971	1.9884	689.84	0.062775	undefined	undefined	liquid
256.00	2.5000	988.78	0.0010113	127.00	129.53	0.58118	0.90958	1.9994	682.69	0.074401	undefined	undefined	liquid
257.00	2.5000	984.32	0.0010159	129.00	131.54	0.58900	0.90948	2.0109	675.49	0.086491	undefined	undefined	liquid
258.00	2.5000	979.81	0.0010206	131.00	133.56	0.59683	0.90939	2.0230	668.24	0.099074	undefined	undefined	liquid
259.00	2.5000	975.23	0.0010254	133.02	135.58	0.60468	0.90933	2.0357	660.92	0.11218	undefined	undefined	liquid
260.00	2.5000	970.60	0.0010303	135.05	137.63	0.61255	0.90929	2.0489	653.55	0.12585	undefined	undefined	liquid
261.00	2.5000	965.90	0.0010353	137.09	139.68	0.62044	0.90928	2.0629	646.10	0.14011	undefined	undefined	liquid
262.00	2.5000	961.13	0.0010404	139.15	141.75	0.62836	0.90930	2.0775	638.59	0.15501	undefined	undefined	liquid
263.00	2.5000	956.29	0.0010457	141.22	143.84	0.63630	0.90934	2.0930	631.00	0.17060	undefined	undefined	liquid
264.00	2.5000	951.37	0.0010511	143.31	145.94	0.64428	0.90942	2.1093	623.33	0.18693	undefined	undefined	liquid
264.74	2.5000	947.68	0.0010552	144.87	147.51	0.65020	0.90950	2.1220	617.59	0.19954	undefined	undefined	liquid
264.74	2.5000	66.366	0.015068	362.45	400.12	1.6044	0.84433	1.5025	214.74	15.976	undefined	undefined	vapor
265.00	2.5000	66.198	0.015106	362.75	400.51	1.6059	0.84246	1.4953	215.05	15.930	undefined	undefined	vapor
266.00	2.5000	65.566	0.015252	363.86	401.99	1.6115	0.83558	1.4690	216.22	15.751	undefined	undefined	vapor
267.00	2.5000	64.957	0.015395	364.96	403.45	1.6169	0.82920	1.4446	217.36	15.576	undefined	undefined	vapor
268.00	2.5000	64.368	0.015536	366.04	404.88	1.6223	0.82328	1.4221	218.46	15.404	undefined	undefined	vapor
269.00	2.5000	63.799	0.015674	367.11	406.29	1.6275	0.81779	1.4012	219.55	15.236	undefined	undefined	vapor
270.00	2.5000	63.247	0.015811	368.16	407.69	1.6327	0.81269	1.3818	220.60	15.070	undefined	undefined	vapor
271.00	2.5000	62.713	0.015946	369.19	409.06	1.6378	0.80795	1.3637	221.64	14.907	undefined	undefined	vapor
272.00	2.5000	62.194	0.016079	370.22	410.41	1.6428	0.80355	1.3468	222.65	14.747	undefined	undefined	vapor
273.00	2.5000	61.690	0.016210	371.23	411.75	1.6477	0.79945	1.3311	223.64	14.590	undefined	undefined	vapor
274.00	2.5000	61.200	0.016340	372.23	413.08	1.6525	0.79564	1.3163	224.62	14.435	undefined	undefined	vapor
275.00	2.5000	60.724	0.016468	373.22	414.39	1.6573	0.79210	1.3025	225.57	14.283	undefined	undefined	vapor
276.00	2.5000	60.260	0.016595	374.19	415.68	1.6620	0.78880	1.2895	226.51	14.134	undefined	undefined	vapor
277.00	2.5000	59.807	0.016720	375.16	416.96	1.6666	0.78573	1.2772	227.43	13.988	undefined	undefined	vapor
278.00	2.5000	59.366	0.016845	376.12	418.24	1.6712	0.78288	1.2657	228.34	13.844	undefined	undefined	vapor
279.00	2.5000	58.936	0.016968	377.08	419.50	1.6757	0.78022	1.2549	229.23	13.702	undefined	undefined	vapor
280.00	2.5000	58.515	0.017089	378.02	420.75	1.6802	0.77775	1.2447	230.10	13.563	undefined	undefined	vapor
281.00	2.5000	58.105	0.017210	378.96	421.99	1.6846	0.77545	1.2350	230.97	13.426	undefined	undefined	vapor
282.00	2.5000	57.703	0.017330	379.89	423.22	1.6890	0.77332	1.2259	231.82	13.292	undefined	undefined	vapor
283.00	2.5000	57.311	0.017449	380.82	424.44	1.6933	0.77134	1.2172	232.66	13.159	undefined	undefined	vapor
284.00	2.5000	56.926	0.017567	381.73	425.65	1.6976	0.76949	1.2090	233.48	13.029	undefined	undefined	vapor
285.00	2.5000	56.550	0.017683	382.65	426.86	1.7018	0.76779	1.2013	234.30	12.902	undefined	undefined	vapor
286.00	2.5000	56.182	0.017799	383.55	428.05	1.7060	0.76620	1.1939	235.10	12.776	undefined	undefined	vapor
287.00	2.5000	55.820	0.017915	384.46	429.24	1.7102	0.76474	1.1869	235.90	12.652	undefined	undefined	vapor
288.00	2.5000	55.466	0.018029	385.35	430.43	1.7143	0.76338	1.1802	236.68	12.531	undefined	undefined	vapor
289.00	2.5000	55.119	0.018142	386.25	431.60	1.7184	0.76212	1.1739	237.46	12.411	undefined	undefined	vapor
290.00	2.5000	54.779	0.018255	387.14	432.77	1.7224	0.76097	1.1679	238.23	12.293	undefined	undefined	vapor
291.00	2.5000	54.444	0.018367	388.02	433.94	1.7264	0.75990	1.1622	238.98	12.177	undefined	undefined	vapor
292.00	2.5000	54.116	0.018479	388.90	435.10	1.7304	0.75892	1.1567	239.73	12.064	undefined	undefined	vapor
293.00	2.5000	53.794	0.018590	389.78	436.25	1.7344	0.75803	1.1515	240.47	11.951	undefined	undefined	vapor
294.00	2.5000	53.477	0.018700	390.65	437.40	1.7383	0.75721	1.1466	241.21	11.841	undefined	undefined	vapor
295.00	2.5000	53.166	0.018809	391.52	438.55	1.7422	0.75646	1.1418	241.93	11.732	undefined	undefined	vapor
296.00	2.5000	52.860	0.018918	392.39	439.69	1.7460	0.75578	1.1373	242.65	11.625	undefined	undefined	vapor
297.00	2.5000	52.559	0.019026	393.26	440.82	1.7498	0.75516	1.1330	243.37	11.520	undefined	undefined	vapor
298.00	2.5000	52.263	0.019134	394.12	441.95	1.7536	0.75460	1.1289	244.07	11.416	undefined	undefined	vapor
299.00	2.5000	51.972	0.019241	394.98	443.08	1.7574	0.75411	1.1249	244.77	11.314	undefined	undefined	vapor
300.00	2.5000	51.685	0.019348	395.83	444.20	1.7612	0.75366	1.1211	245.46	11.214	undefined	undefined	vapor
