Temperature (K)	Pressure (MPa)	Density (kg/m3)	Volume (m3/kg)	Internal Energy (kJ/kg)	Enthalpy (kJ/kg)	Entropy (J/g*K)	Cv (J/g*K)	Cp (J/g*K)	Sound Spd. (m/s)	Joule-Thomson (K/MPa)	Viscosity (uPa*s)	Therm. Cond. (W/m*K)	Phase
200.00	1.0000	1185.7	0.00084339	25.967	26.811	0.13559	0.94020	1.7340	1040.5	-0.23345	undefined	undefined	liquid
201.00	1.0000	1182.6	0.00084560	27.700	28.546	0.14424	0.93920	1.7357	1034.1	-0.23092	undefined	undefined	liquid
202.00	1.0000	1179.5	0.00084782	29.434	30.282	0.15286	0.93822	1.7375	1027.7	-0.22832	undefined	undefined	liquid
203.00	1.0000	1176.4	0.00085006	31.171	32.021	0.16145	0.93726	1.7394	1021.3	-0.22565	undefined	undefined	liquid
204.00	1.0000	1173.3	0.00085233	32.909	33.761	0.17000	0.93632	1.7414	1014.9	-0.22291	undefined	undefined	liquid
205.00	1.0000	1170.1	0.00085461	34.649	35.504	0.17852	0.93540	1.7435	1008.5	-0.22010	undefined	undefined	liquid
206.00	1.0000	1167.0	0.00085692	36.391	37.248	0.18701	0.93450	1.7456	1002.1	-0.21722	undefined	undefined	liquid
207.00	1.0000	1163.8	0.00085925	38.136	38.995	0.19547	0.93361	1.7478	995.69	-0.21427	undefined	undefined	liquid
208.00	1.0000	1160.6	0.00086160	39.882	40.744	0.20390	0.93275	1.7501	989.28	-0.21123	undefined	undefined	liquid
209.00	1.0000	1157.4	0.00086398	41.631	42.495	0.21230	0.93190	1.7525	982.87	-0.20812	undefined	undefined	liquid
210.00	1.0000	1154.2	0.00086638	43.383	44.249	0.22067	0.93106	1.7550	976.46	-0.20493	undefined	undefined	liquid
211.00	1.0000	1151.0	0.00086881	45.136	46.005	0.22901	0.93025	1.7576	970.04	-0.20165	undefined	undefined	liquid
212.00	1.0000	1147.8	0.00087126	46.893	47.764	0.23733	0.92945	1.7603	963.62	-0.19829	undefined	undefined	liquid
213.00	1.0000	1144.5	0.00087373	48.652	49.526	0.24562	0.92867	1.7631	957.19	-0.19484	undefined	undefined	liquid
214.00	1.0000	1141.2	0.00087624	50.414	51.290	0.25388	0.92790	1.7659	950.76	-0.19130	undefined	undefined	liquid
215.00	1.0000	1138.0	0.00087877	52.179	53.058	0.26212	0.92715	1.7689	944.32	-0.18767	undefined	undefined	liquid
216.00	1.0000	1134.7	0.00088132	53.947	54.828	0.27034	0.92642	1.7720	937.88	-0.18394	undefined	undefined	liquid
217.00	1.0000	1131.3	0.00088391	55.718	56.602	0.27853	0.92571	1.7751	931.43	-0.18011	undefined	undefined	liquid
218.00	1.0000	1128.0	0.00088652	57.492	58.378	0.28670	0.92501	1.7784	924.97	-0.17618	undefined	undefined	liquid
219.00	1.0000	1124.6	0.00088917	59.269	60.159	0.29484	0.92432	1.7818	918.51	-0.17215	undefined	undefined	liquid
220.00	1.0000	1121.3	0.00089184	61.050	61.942	0.30297	0.92365	1.7853	912.03	-0.16801	undefined	undefined	liquid
221.00	1.0000	1117.9	0.00089455	62.835	63.729	0.31107	0.92300	1.7889	905.55	-0.16376	undefined	undefined	liquid
222.00	1.0000	1114.5	0.00089729	64.623	65.520	0.31916	0.92236	1.7926	899.06	-0.15939	undefined	undefined	liquid
223.00	1.0000	1111.0	0.00090006	66.414	67.314	0.32722	0.92173	1.7965	892.55	-0.15490	undefined	undefined	liquid
224.00	1.0000	1107.6	0.00090286	68.210	69.113	0.33527	0.92113	1.8005	886.04	-0.15029	undefined	undefined	liquid
225.00	1.0000	1104.1	0.00090571	70.010	70.915	0.34330	0.92053	1.8046	879.51	-0.14556	undefined	undefined	liquid
226.00	1.0000	1100.6	0.00090858	71.813	72.722	0.35131	0.91995	1.8088	872.98	-0.14069	undefined	undefined	liquid
227.00	1.0000	1097.1	0.00091149	73.622	74.533	0.35931	0.91939	1.8132	866.42	-0.13568	undefined	undefined	liquid
228.00	1.0000	1093.6	0.00091444	75.434	76.348	0.36729	0.91884	1.8177	859.86	-0.13054	undefined	undefined	liquid
229.00	1.0000	1090.0	0.00091743	77.251	78.169	0.37525	0.91831	1.8224	853.28	-0.12525	undefined	undefined	liquid
230.00	1.0000	1086.4	0.00092046	79.073	79.993	0.38320	0.91779	1.8272	846.69	-0.11980	undefined	undefined	liquid
231.00	1.0000	1082.8	0.00092354	80.900	81.823	0.39114	0.91728	1.8322	840.08	-0.11420	undefined	undefined	liquid
232.00	1.0000	1079.2	0.00092665	82.731	83.658	0.39907	0.91679	1.8374	833.45	-0.10844	undefined	undefined	liquid
233.00	1.0000	1075.5	0.00092981	84.568	85.498	0.40698	0.91632	1.8427	826.80	-0.10251	undefined	undefined	liquid
234.00	1.0000	1071.8	0.00093301	86.410	87.343	0.41489	0.91585	1.8482	820.14	-0.096394	undefined	undefined	liquid
234.95	1.0000	1068.3	0.00093609	88.162	89.098	0.42237	0.91543	1.8536	813.80	-0.090429	undefined	undefined	liquid
234.95	1.0000	25.918	0.038583	358.71	397.30	1.7341	0.73944	1.1038	221.04	21.573	undefined	undefined	vapor
235.00	1.0000	25.909	0.038597	358.76	397.35	1.7344	0.73921	1.1032	221.09	21.557	undefined	undefined	vapor
236.00	1.0000	25.733	0.038861	359.59	398.45	1.7390	0.73508	1.0933	221.88	21.264	undefined	undefined	vapor
237.00	1.0000	25.560	0.039123	360.42	399.54	1.7437	0.73127	1.0841	222.67	20.977	undefined	undefined	vapor
238.00	1.0000	25.392	0.039383	361.24	400.62	1.7482	0.72775	1.0755	223.44	20.697	undefined	undefined	vapor
239.00	1.0000	25.226	0.039641	362.05	401.69	1.7527	0.72452	1.0675	224.21	20.423	undefined	undefined	vapor
240.00	1.0000	25.064	0.039897	362.86	402.76	1.7571	0.72155	1.0600	224.96	20.156	undefined	undefined	vapor
241.00	1.0000	24.906	0.040152	363.66	403.81	1.7615	0.71881	1.0529	225.70	19.894	undefined	undefined	vapor
242.00	1.0000	24.750	0.040404	364.46	404.86	1.7659	0.71630	1.0464	226.43	19.638	undefined	undefined	vapor
243.00	1.0000	24.597	0.040655	365.25	405.90	1.7702	0.71399	1.0402	227.15	19.388	undefined	undefined	vapor
244.00	1.0000	24.447	0.040905	366.04	406.94	1.7744	0.71188	1.0344	227.86	19.143	undefined	undefined	vapor
245.00	1.0000	24.300	0.041153	366.82	407.97	1.7787	0.70994	1.0290	228.57	18.904	undefined	undefined	vapor
246.00	1.0000	24.155	0.041400	367.60	409.00	1.7828	0.70817	1.0239	229.26	18.670	undefined	undefined	vapor
247.00	1.0000	24.012	0.041645	368.38	410.02	1.7870	0.70656	1.0192	229.95	18.442	undefined	undefined	vapor
248.00	1.0000	23.873	0.041889	369.15	411.04	1.7911	0.70509	1.0147	230.63	18.218	undefined	undefined	vapor
249.00	1.0000	23.735	0.042132	369.92	412.05	1.7952	0.70376	1.0105	231.31	17.999	undefined	undefined	vapor
250.00	1.0000	23.600	0.042374	370.69	413.06	1.7992	0.70256	1.0065	231.97	17.785	undefined	undefined	vapor
251.00	1.0000	23.466	0.042614	371.45	414.06	1.8032	0.70147	1.0028	232.63	17.575	undefined	undefined	vapor
252.00	1.0000	23.335	0.042854	372.21	415.07	1.8072	0.70049	0.99934	233.28	17.370	undefined	undefined	vapor
253.00	1.0000	23.206	0.043092	372.97	416.06	1.8111	0.69962	0.99606	233.93	17.169	undefined	undefined	vapor
254.00	1.0000	23.079	0.043330	373.73	417.06	1.8151	0.69884	0.99297	234.57	16.973	undefined	undefined	vapor
255.00	1.0000	22.954	0.043566	374.48	418.05	1.8190	0.69816	0.99007	235.21	16.780	undefined	undefined	vapor
256.00	1.0000	22.830	0.043802	375.24	419.04	1.8228	0.69755	0.98734	235.84	16.592	undefined	undefined	vapor
257.00	1.0000	22.709	0.044036	375.99	420.02	1.8267	0.69703	0.98476	236.46	16.407	undefined	undefined	vapor
258.00	1.0000	22.589	0.044270	376.74	421.01	1.8305	0.69659	0.98235	237.08	16.226	undefined	undefined	vapor
259.00	1.0000	22.470	0.044503	377.49	421.99	1.8343	0.69621	0.98007	237.70	16.048	undefined	undefined	vapor
260.00	1.0000	22.354	0.044735	378.23	422.97	1.8381	0.69590	0.97793	238.31	15.875	undefined	undefined	vapor
261.00	1.0000	22.239	0.044966	378.98	423.94	1.8418	0.69565	0.97591	238.91	15.704	undefined	undefined	vapor
262.00	1.0000	22.125	0.045197	379.72	424.92	1.8455	0.69546	0.97402	239.51	15.537	undefined	undefined	vapor
263.00	1.0000	22.013	0.045427	380.47	425.89	1.8493	0.69532	0.97223	240.11	15.373	undefined	undefined	vapor
264.00	1.0000	21.903	0.045656	381.21	426.86	1.8529	0.69524	0.97056	240.70	15.212	undefined	undefined	vapor
265.00	1.0000	21.794	0.045885	381.95	427.83	1.8566	0.69520	0.96898	241.29	15.054	undefined	undefined	vapor
266.00	1.0000	21.686	0.046113	382.69	428.80	1.8603	0.69521	0.96750	241.88	14.899	undefined	undefined	vapor
267.00	1.0000	21.580	0.046340	383.43	429.77	1.8639	0.69526	0.96611	242.46	14.747	undefined	undefined	vapor
268.00	1.0000	21.475	0.046566	384.17	430.73	1.8675	0.69535	0.96481	243.03	14.598	undefined	undefined	vapor
269.00	1.0000	21.371	0.046792	384.91	431.70	1.8711	0.69548	0.96359	243.61	14.451	undefined	undefined	vapor
270.00	1.0000	21.268	0.047018	385.64	432.66	1.8747	0.69565	0.96244	244.18	14.307	undefined	undefined	vapor
271.00	1.0000	21.167	0.047243	386.38	433.62	1.8782	0.69585	0.96137	244.75	14.166	undefined	undefined	vapor
272.00	1.0000	21.067	0.047467	387.12	434.58	1.8817	0.69608	0.96037	245.31	14.027	undefined	undefined	vapor
273.00	1.0000	20.968	0.047691	387.85	435.54	1.8853	0.69634	0.95943	245.87	13.891	undefined	undefined	vapor
274.00	1.0000	20.871	0.047914	388.59	436.50	1.8888	0.69663	0.95855	246.43	13.756	undefined	undefined	vapor
275.00	1.0000	20.774	0.048137	389.32	437.46	1.8923	0.69695	0.95774	246.98	13.625	undefined	undefined	vapor
276.00	1.0000	20.679	0.048359	390.06	438.42	1.8957	0.69729	0.95698	247.53	13.495	undefined	undefined	vapor
277.00	1.0000	20.584	0.048581	390.79	439.38	1.8992	0.69766	0.95627	248.08	13.367	undefined	undefined	vapor
278.00	1.0000	20.491	0.048802	391.53	440.33	1.9026	0.69804	0.95562	248.62	13.242	undefined	undefined	vapor
279.00	1.0000	20.399	0.049023	392.26	441.29	1.9061	0.69845	0.95501	249.17	13.119	undefined	undefined	vapor
280.00	1.0000	20.307	0.049243	393.00	442.24	1.9095	0.69889	0.95445	249.71	12.997	undefined	undefined	vapor
281.00	1.0000	20.217	0.049463	393.73	443.20	1.9129	0.69933	0.95394	250.24	12.878	undefined	undefined	vapor
282.00	1.0000	20.128	0.049683	394.47	444.15	1.9163	0.69980	0.95347	250.78	12.761	undefined	undefined	vapor
283.00	1.0000	20.039	0.049902	395.20	445.10	1.9197	0.70029	0.95304	251.31	12.645	undefined	undefined	vapor
284.00	1.0000	19.952	0.050121	395.93	446.06	1.9230	0.70079	0.95264	251.84	12.531	undefined	undefined	vapor
285.00	1.0000	19.865	0.050339	396.67	447.01	1.9264	0.70130	0.95229	252.37	12.419	undefined	undefined	vapor
286.00	1.0000	19.780	0.050557	397.40	447.96	1.9297	0.70183	0.95197	252.89	12.309	undefined	undefined	vapor
287.00	1.0000	19.695	0.050775	398.14	448.91	1.9330	0.70238	0.95168	253.41	12.200	undefined	undefined	vapor
288.00	1.0000	19.611	0.050992	398.87	449.86	1.9363	0.70294	0.95143	253.93	12.093	undefined	undefined	vapor
289.00	1.0000	19.528	0.051209	399.61	450.81	1.9396	0.70351	0.95121	254.45	11.988	undefined	undefined	vapor
290.00	1.0000	19.446	0.051425	400.34	451.77	1.9429	0.70409	0.95101	254.97	11.884	undefined	undefined	vapor
291.00	1.0000	19.364	0.051641	401.08	452.72	1.9462	0.70468	0.95085	255.48	11.781	undefined	undefined	vapor
292.00	1.0000	19.284	0.051857	401.81	453.67	1.9495	0.70529	0.95071	255.99	11.681	undefined	undefined	vapor
293.00	1.0000	19.204	0.052072	402.55	454.62	1.9527	0.70590	0.95060	256.50	11.581	undefined	undefined	vapor
294.00	1.0000	19.125	0.052288	403.28	455.57	1.9559	0.70652	0.95052	257.01	11.483	undefined	undefined	vapor
295.00	1.0000	19.047	0.052502	404.02	456.52	1.9592	0.70715	0.95045	257.51	11.387	undefined	undefined	vapor
296.00	1.0000	18.969	0.052717	404.75	457.47	1.9624	0.70779	0.95042	258.01	11.291	undefined	undefined	vapor
297.00	1.0000	18.893	0.052931	405.49	458.42	1.9656	0.70844	0.95040	258.51	11.197	undefined	undefined	vapor
298.00	1.0000	18.816	0.053145	406.23	459.37	1.9688	0.70910	0.95041	259.01	11.105	undefined	undefined	vapor
299.00	1.0000	18.741	0.053359	406.96	460.32	1.9720	0.70976	0.95043	259.51	11.014	undefined	undefined	vapor
300.00	1.0000	18.667	0.053572	407.70	461.27	1.9751	0.71043	0.95048	260.01	10.924	undefined	undefined	vapor
